generated_at=2026-02-21T23:22:35.135854+00:00
rows=10000
counts_enriched=10000
counts_coverage=1.000000
